[
// 84 poligonos
//LOTES TIPO B

    //SECCION 1:

    [[2042.40,2134.99],[1977.41,2134.99],[1977.40,2234.01],[2042.39,2234.01]],	// L1
    [[1926.40,2234.01],[1974.39,2234.01],[1974.40,2134.99],[1926.41,2134.99]],	// L2
    [[1922.40,2134.99],[1857.41,2134.99],[1857.40,2234.01],[1922.39,2234.01]],	// L3
    [[1951.89,2238.50],[1951.89,2286.50],[2042.50,2286.50],[2042.50,2238.50]],	// L4
    [[1951.89,2289.50],[1951.89,2337.50],[2042.50,2337.50],[2042.50,2289.50]],	// L5
    [[1951.89,2341.50],[1951.89,2389.50],[2042.50,2389.50],[2042.50,2341.50]],	// L6
    [[1951.89,2392.50],[1951.89,2440.50],[2042.50,2440.50],[2042.50,2392.50]],	// L7
    [[1857.89,2237.50],[1857.89,2285.50],[1948.50,2285.50],[1948.50,2237.50]],	// L8
    [[1857.89,2289.50],[1857.89,2337.50],[1948.50,2337.50],[1948.50,2289.50]],	// L9
    [[1857.89,2340.50],[1857.89,2388.50],[1948.50,2388.50],[1948.50,2340.50]],	// L10
    [[1857.89,2392.50],[1857.89,2440.50],[1948.50,2440.50],[1948.50,2392.50]],	// L11
    [[2034.20,2444.19],[1978.20,2444.19],[1978.19,2534.81],[2034.19,2534.81]],	// L12
    [[1926.40,2543.01],[1974.39,2543.01],[1974.40,2443.99],[1926.41,2443.99]],	// L13
    [[1922.40,2443.99],[1857.41,2443.99],[1857.40,2543.01],[1922.39,2543.01]],	// L14

    //SECCION 2:

    [[1811.40,2134.99],[1746.41,2134.99],[1746.40,2234.01],[1811.39,2234.01]],	// L15
    [[1694.40,2234.01],[1742.39,2234.01],[1742.40,2134.99],[1694.41,2134.99]],	// L16
    [[1616.92,2233.95],[1690.93,2234.18],[1690.98,2135.55],[1616.98,2134.33]],	// L17
    [[1711.89,2237.50],[1711.89,2285.49],[1810.91,2285.50],[1810.91,2237.51]],	// L18
    [[1711.89,2289.50],[1711.89,2337.49],[1810.91,2337.50],[1810.91,2289.51]],	// L19
    [[1811.41,2406.00],[1811.41,2341.01],[1712.39,2341.00],[1712.39,2405.99]],	// L20
    [[1711.89,2409.50],[1711.89,2457.49],[1810.91,2457.50],[1810.91,2409.51]],	// L21
    [[1711.89,2461.50],[1711.89,2509.49],[1810.91,2509.50],[1810.91,2461.51]],	// L22
    [[1811.41,2577.00],[1811.41,2512.01],[1712.39,2512.00],[1712.39,2576.99]],	// L23
    [[1708.51,2294.50],[1708.51,2238.50],[1617.88,2238.50],[1617.88,2294.50]],	// L24
    [[1617.89,2297.50],[1617.89,2345.50],[1708.50,2345.50],[1708.50,2297.50]],	// L25
    [[1617.89,2349.50],[1617.89,2397.50],[1708.50,2397.50],[1708.50,2349.50]],	// L26
    [[1617.89,2401.50],[1617.89,2449.50],[1708.50,2449.50],[1708.50,2401.50]],	// L27
    [[1617.89,2452.50],[1617.89,2500.50],[1708.50,2500.50],[1708.50,2452.50]],	// L28
    [[1708.51,2560.50],[1708.51,2504.50],[1617.88,2504.50],[1617.88,2560.50]],	// L29
    [[1708.51,2620.50],[1708.51,2564.50],[1617.88,2564.50],[1617.88,2620.50]],	// L30

    //SECCION 3:

    [[1514.40,2237.01],[1562.39,2237.01],[1562.40,2137.99],[1514.41,2137.99]],	// L31
    [[1463.40,2237.01],[1511.39,2237.01],[1511.40,2137.99],[1463.41,2137.99]],	// L32
    [[1411.40,2237.01],[1459.39,2237.01],[1459.40,2137.99],[1411.41,2137.99]],	// L33
    [[1462.89,2241.50],[1462.89,2289.49],[1561.91,2289.50],[1561.91,2241.51]],	// L34
    [[1462.89,2292.50],[1462.89,2340.49],[1561.91,2340.50],[1561.91,2292.51]],	// L35
    [[1411.40,2340.01],[1459.39,2340.01],[1459.40,2240.99],[1411.41,2240.99]],	// L36

    //SECCION 4:

    [[1463.89,2378.50],[1463.89,2434.49],[1562.91,2434.50],[1562.91,2378.51]],	// L37
    [[1360.89,2378.50],[1360.89,2434.49],[1459.91,2434.50],[1459.91,2378.51]],	// L38
    [[1511.19,2438.20],[1463.19,2438.20],[1463.20,2528.80],[1511.20,2528.80]],	// L39
    [[1563.19,2438.20],[1515.19,2438.20],[1515.20,2528.80],[1563.20,2528.80]],	// L40
    [[1460.19,2438.20],[1412.19,2438.20],[1412.20,2528.80],[1460.20,2528.80]],	// L41
    [[1409.19,2438.20],[1361.19,2438.20],[1361.20,2528.80],[1409.20,2528.80]],	// L42

    //SECCION 5:

    [[1371.40,2137.99],[1306.41,2137.99],[1306.40,2237.01],[1371.39,2237.01]],	// L43
    [[1302.40,2137.99],[1246.41,2137.99],[1246.40,2237.01],[1302.39,2237.01]],	// L44
    [[1243.40,2137.99],[1178.41,2137.99],[1178.40,2237.01],[1243.39,2237.01]],	// L45    
    [[1323.40,2340.01],[1371.39,2340.01],[1371.40,2240.99],[1323.41,2240.99]],	// L46
    [[1272.40,2340.01],[1320.39,2340.01],[1320.40,2240.99],[1272.41,2240.99]],	// L47
    [[1268.50,2289.50],[1268.49,2241.50],[1177.89,2241.50],[1177.90,2289.50]],	// L48
    [[1268.50,2340.50],[1268.49,2292.50],[1177.89,2292.50],[1177.90,2340.50]],	// L49


    //SECCION 6:

    [[1129.03,2501.69],[1098.82,2539.00],[1175.77,2601.31],[1205.98,2564.00]],	// L50
    [[1097.03,2541.69],[1066.82,2579.00],[1143.77,2641.31],[1173.98,2604.00]],	// L51
    [[1064.03,2581.69],[1033.82,2619.00],[1110.77,2681.31],[1140.98,2644.00]],	// L52
    [[1146.59,2643.87],[1183.90,2674.08],[1246.21,2597.13],[1208.90,2566.92]],	// L53
    [[1186.59,2675.87],[1223.90,2706.08],[1286.21,2629.13],[1248.90,2598.92]],	// L54
    [[1144.03,2646.69],[1113.82,2684.00],[1190.77,2746.31],[1220.98,2709.00]],	// L55

    //SECCION 7:

    [[1363.59,2688.87],[1400.90,2719.08],[1463.21,2642.13],[1425.90,2611.92]],	// L56
    [[1513.77,2744.31],[1543.98,2707.00],[1467.03,2644.69],[1436.82,2682.00]],	// L57
    [[1480.77,2783.31],[1510.98,2746.00],[1434.03,2683.69],[1403.82,2721.00]],	// L58
    [[1359.30,2750.66],[1389.51,2713.35],[1319.09,2656.34],[1288.88,2693.65]],	// L59
    [[1438.77,2816.31],[1468.98,2779.00],[1392.03,2716.69],[1361.82,2754.00]],	// L60
    [[1326.30,2790.66],[1356.51,2753.35],[1286.09,2696.34],[1255.88,2733.65]]	// L61
    [[1405.77,2855.31],[1435.98,2818.00],[1359.03,2755.69],[1328.82,2793.00]],	// L62
    [[1294.30,2830.66],[1324.51,2793.35],[1254.09,2736.34],[1223.88,2773.65]],	// L63
    [[1372.77,2895.31],[1402.98,2858.00],[1326.03,2795.69],[1295.82,2833.00]],	// L64

    //SECCION 8:

    [[1009.03,2646.69],[978.82,2684.00],[1055.77,2746.31],[1085.98,2709.00]],	// L65
    [[977.03,2686.69],[946.82,2724.00],[1023.77,2786.31],[1053.98,2749.00]],	// L66
    [[944.03,2726.69],[913.82,2764.00],[990.77,2826.31],[1020.98,2789.00]],	// L67
    [[1126.21,2742.13],[1088.90,2711.92],[1026.59,2788.87],[1063.90,2819.08]],	// L68
    [[1166.21,2774.13],[1128.90,2743.92],[1066.59,2820.87],[1103.90,2851.08]],	// L69
    [[1024.03,2791.69],[993.82,2829.00],[1070.77,2891.31],[1100.98,2854.00]],	// L70
    [[948.21,2797.13],[910.90,2766.92],[848.59,2843.87],[885.90,2874.08]],	// L71
    [[988.21,2829.13],[950.90,2798.92],[888.59,2875.87],[925.90,2906.08]],	// L72
    [[1028.21,2862.13],[990.90,2831.92],[928.59,2908.87],[965.90,2939.08]],	// L73
    [[1068.21,2894.13],[1030.90,2863.92],[968.59,2940.87],[1005.90,2971.08]],	// L74

    //SECCION 9:

    [[1239.30,2896.66],[1269.51,2859.35],[1199.09,2802.34],[1168.88,2839.65]],	// L75
    [[1318.77,2961.31],[1348.98,2924.00],[1272.03,2861.69],[1241.82,2899.00]],	// L76
    [[1207.30,2936.66],[1237.51,2899.35],[1167.09,2842.34],[1136.88,2879.65]],	// L77
    [[1286.77,3001.31],[1316.98,2964.00],[1240.03,2901.69],[1209.82,2939.00]],	// L78
    [[1174.30,2975.66],[1204.51,2938.35],[1134.09,2881.34],[1103.88,2918.65]],	// L79
    [[1253.77,3041.31],[1283.98,3004.00],[1207.03,2941.69],[1176.82,2979.00]],	// L80
    [[1141.30,3015.66],[1171.51,2978.35],[1101.09,2921.34],[1070.88,2958.65]],	// L81
    [[1109.30,3055.66],[1139.51,3018.35],[1069.09,2961.34],[1038.88,2998.65]],	// L82
    [[1111.59,3058.87],[1148.90,3089.08],[1211.21,3012.13],[1173.90,2981.92]],	// L83
    [[1151.59,3090.87],[1188.90,3121.08],[1251.21,3044.13],[1213.90,3013.92]],	// L84


]